Signature1 Signature2 Signature3 Signature4 Signature5 Signature6 Signature7 Signature8 Signature9 Signature10 Signature11 Signature12 Signature13 Signature14 Signature15 Signature16 Signature17 Signature18 Signature20
ACA>AAA 0.0152674690720354 0.00167696071246041 0.0338404558128505 0.00607251794718205 0.0138017871323755 0.0156516459468734 0.00703261632086087 0.00515813725880186 0.00431631084414926 0.0133093869990968 0.0213869960612791 0.0233954671858225 0.025376730173539 0.00674850104102379 0.0117854207859167 0.00824190746143207 0.00435858892329127 0.00599301742303776 0.0102488649152429
ACC>AAC 0.00772525543590223 0.00127781391537029 0.0234665258352956 0.00714828266811862 0.0152938545720081 0.00792025117977781 0.00488520721481372 0.00670652007942356 0.00955042815047927 0.00509032411969653 0.00723605541493554 0.00499860071945466 0.00346143122026237 0.00850915090191203 0.0260708651652155 0.00289747589565907 0.0233712321379513 0.00295428434755929 0.0027955914386288
ACG>AAG 0.00189620665548775 0.000146654320369261 0.00271190999784212 0.00140215783434156 0.00240325936916025 0.000865328257038978 0.00091060998528956 0.000887694666568976 0.00456245545779767 0.0141447891794335 0.00289939639631985 0.00419941115297683 0.00363176394848467 0.0074643513778408 0.00907941316474612 0.000938929669209972 0.00020359361331399 0.002863903428809 0.00571944147503732
ACT>AAT 0.0075238725887163 0.00104479960766355 0.0221446782750349 0.00251315127582471 0.00589220789661533 0.0122101025791138 0.00535082552984794 0.0012569081307929 0.00524223736667183 0.0229752770191082 0.00967834244365338 0.015298512792274 0.0030028972829175 0.0223418734012912 0.0170645710141239 0.003579705758116 0.00429433996668689 0.00186942058121448 0.00343230833218082
CCA>CAA 0.0131549670862664 0.00224126193897542 0.0324155333710385 0.0096204557584604 0.00916393864910591 0.0206403742885422 0.028361455206868 0.00689645193875252 0.00693131635377937 0.0486067615989587 0.00810811666213499 0.00456824394280302 0.00285958765789959 0.0295143083582856 0.00415209311519731 0.0129751903137954 0.0130658243049466 0.00364160098143738 0.0131675176653474
CCC>CAC 0.00555647956603261 0.00150606343666927 0.0213257604980188 0.00599854006863109 0.00577664905274501 0.00590722067354589 0.0116579990382023 0.000521818612811341 0.00296505023792016 0.0233101625593137 0.00305019903089504 0.0158863708730682 0.00704887003203564 0.00764778849546599 0.00378683033597498 0.00342579804815543 0.013471560289804 0.00748538633765281 0.00419583137163443
CCG>CAG 0.00133183879452452 0.000641414084498238 0.00526481690123707 0.00101999195626086 0.0020348817400817 0.00321446562815284 0.00727468131140241 0.00373120057979529 0.00121250666571885 0.00673775728593521 0.00820116616860999 0.00534281167911348 0.00930087651188822 0.00173815726947885 0.00139098077093533 0.000943568450994824 0.0142143933802924 0.00124733783521597 0.00208045377622734
CCT>CAT 0.00723485611014315 0.00173960341878137 0.0223735550269092 0.00627511447724779 0.0172520311507586 0.00915480488060197 0.0123860187563787 0.0061991285352976 0.00522721294929763 0.00477272183206016 0.00204623453293379 0.00483507169491149 0.00391666692920224 0.0202337280459766 0.00292462690399411 0.00871547130637412 0.00188474248010688 0.0117722011567123 0.0221791053850696
GCA>GAA 0.00969933079756767 0.00108064489216635 0.0286880459461911 0.00589526277405476 0.0179340407577525 0.0177023972693807 0.00971774120907691 0.00710314273012711 0.00434496523054529 0.0054733759590183 0.012622713240223 0.00513723226147384 0.00469941469467018 0.0132808731673952 0.0132239183276968 0.0105478816323795 0.00372804066286439 0.0104042311951788 0.00305002367660875
GCC>GAC 0.00461879374169909 0.00171590900517392 0.0240027897072695 0.00308949026326546 0.0102410930033478 0.00811582703671713 0.00290170816862589 0.00194442334052802 0.00468877696887576 0.00699669313329729 0.00371630556378931 0.0135816365596083 0.00240123581235301 0.0153346633780507 0.0181791247989636 0.002603651026698 0.0215236888981 0.0125332248475984 0.0154597384636121
GCG>GAG 0.00123397173926683 0.000380172501507492 0.0048038198054347 0.00105843072120305 0.00136440638522531 0.00190138511710793 0.00196099976162515 0.00267758579272685 0.000594816092155823 0.00547785343759175 0.0128751091651946 0.0196737068149188 0.000744421542935081 0.00516715243169782 0.00384767922509111 0.000857800742814754 0.00151867635251498 0.00257035222524452 0.0114341599932626
GCT>GAT 0.00616091428226363 0.00115874701217515 0.0231136943817549 0.0024410617832978 0.00946163143841249 0.00915639143149154 0.00296045251530551 0.00878973354075808 0.00471476624578142 0.00361556774806379 0.0131903683102872 0.027802548542605 0.0157208524268794 0.00259280117055357 0.0119013120656607 0.00403526441256548 0.00276863582207806 0.00313001956292064 0.037804585616901
TCA>TAA 0.00876021309930387 0.0310212291976416 0.0610485266936842 0.0160977597308604 0.0201801163498154 0.0210709657057087 0.015070509833919 0.0141342438636407 0.0101753501032012 0.0118960680744915 0.00948792294513251 0.0112534456616248 0.0212417257772655 0.00515951333119189 0.0207153311685117 0.0140605284164746 0.00979473311589823 0.00403337097337647 0.0909544170803974
TCC>TAC 0.00812841104456861 0.0136127102080782 0.0458899271128972 0.0107001617628769 0.00255217229351054 0.00921098256977049 0.00827224479086887 0.00893790376084009 0.0123304099151905 0.0075415411651409 0.00341547242469442 0.00635003023764433 0.0382988514931287 0.00476840016231109 0.00996918472234779 0.00482164523141198 0.0347967808943221 0.0118935615645178 0.0122218950682539
TCG>TAG 0.00133260164916931 0.00160389559102995 0.00651865255388813 0.003940014126459 0.00287639478898874 0.00878935332825504 0.00637282976328908 0.00173915242492198 0.00108866808162602 0.00374138025160758 0.00555889541987871 0.00777220834799634 0.0028063632615726 0.00328195243241586 0.00665425296604444 0.00627202894542188 0.00255259802025278 0.00201246378215018 0.0543984156998561
TCT>TAT 0.0107988579836022 0.012313245561447 0.0489117168092613 0.0142469807393478 0.0302269034784671 0.0167898123642631 0.0133908136862326 0.014134311812635 0.0063059645095858 0.0193244077630975 0.0193765591004508 0.0227708233138088 0.0174324590892571 0.00510035535745346 0.0201828999636451 0.0204562702834081 0.0403060960743925 0.004172683008415 0.022600852260566
ACA>AGA 0.00748661216891317 0.00262804629714305 0.0102489740857985 0.00713996698581514 0.00631703238163423 0.0056036288794757 0.0184522140598386 0.0026564812711832 0.0185073985263136 0.00856757162148978 0.0103901455446722 0.00647695944615103 0.00327811749263975 0.00408337921025418 0.0054556820613458 0.0131239417011891 0.0048826391480042 0.00993219936240572 0.0103179431481767
ACC>AGC 0.00400873735783496 0.000833835707923742 0.00556839104783357 0.00282174421425356 0.00451189360197174 0.00276472392177279 0.00257719230819524 0.00242803132388434 0.0179817760379085 0.00417790379175614 0.0164724970735851 0.00243592390709332 0.0165375119308329 0.00810282195077773 0.00808073214451765 0.00120385129293358 0.000790968267430478 0.00666651839896285 0.00951240067795682
ACG>AGG 0.000754474422363618 0.000350924719408839 0.00168113714367294 0.000457614249842872 0.000638559149787425 0.00673906929139342 0.00172900711479111 0.00174853004882664 0.013155539830234 0.00267793705689994 0.0104599514948389 0.00768136101275756 0.00253307587201949 0.0067320366294334 0.0099689942058289 0.000417938418794823 0.00127030910586408 0.0076965989245804 0.00442538000392096
ACT>AGT 0.00902678005324196 0.00235584087826389 0.00992587135851018 0.00353024048866769 0.00203339893880918 0.0027829578748888 0.00677721447354236 0.00301504522389075 0.00736658172637388 0.00221939662278787 0.00529310325518019 0.0284987777226875 0.0091734516993861 0.00719982103981216 0.0020883288349154 0.0134070217260732 0.0120149203166275 0.0115010067214878 0.00544916351058979
CCA>CGA 0.00460244187727618 0.00478293902873265 0.00817070851057911 0.00214520435667802 0.00236604156264418 0.00146764975097319 0.0128478176766112 0.00432076337048572 0.0147434963390968 0.00296306733123829 0.00438834851067259 0.0133301403697773 0.0114669400894559 0.00317578795962531 0.00236935708463766 0.00271331776230487 0.00420528040991999 0.00406241528521042 0.0192231863949406
CCC>CGC 0.00525426445709195 0.000971057873542129 0.00687456444499444 0.00541154769301956 0.00376168132629727 0.00344943601656498 0.00665885709180991 0.00456921477379157 0.00739111439466299 0.0105036897040187 0.0074426299996661 0.00342692194301668 0.00644952820007908 0.0025488560347117 0.0035915084705499 0.0124423085643335 0.00387293490340916 0.0194444476909031 0.00910427703889557
CCG>CGG 0.00131972448602739 0.000128936597589621 0.0011964450948899 0.000347479137812665 0.00257321069286163 0.00869413681817513 0.00380823644563184 0.00148038317066847 0.00129980114156142 0.0105608669054862 0.0148762347803473 0.0139090741835142 0.00459087249294073 0.00292097340721326 0.00175723674227006 0.00153705420637716 0.00161340750463111 0.0116778212239623 0.00192326035407027
CCT>CGT 0.00881145891038848 0.00621834817047353 0.00887101989255037 0.00499868279438783 0.00190432568717204 0.00291810560236128 0.00634106678741788 0.00207301917478851 0.00258922194135752 0.00816684878628857 0.00757265847824179 0.00656017674707281 0.00519951145031051 0.00761782069725232 0.00419512621472557 0.0134812125745859 0.0207419074265216 0.00853932289269707 0.011467882286822
GCA>GGA 0.00352678417265839 0.00126183705549698 0.00270261126313293 0.00181777265048773 0.00405394569703372 0.00227201591191113 0.00226543725298375 0.000738945208714624 0.00565925240530196 0.00260789812256416 0.0167847579683465 0.00420003746136629 0.0132711806805857 0.0032440593290516 0.00371492141690853 0.00131347896330516 0.00631591520691791 0.00966103903061977 0.00635593533307032
GCC>GGC 0.00348276855880775 0.00115294769319246 0.00439507305478966 0.00129045740292457 0.00389659829205773 0.00234818752805897 0.0016774957469116 0.0060702981464893 0.00658290644154407 0.0127866038832649 0.00619966184385904 0.00130129868021053 0.0014454392571025 0.00769672464579807 0.00976182652059857 0.00448656625749389 0.0248395766120747 0.0317795870996284 0.00293714898666421
GCG>GGG 0.000489112361046867 0.000204411222741086 0.00110743941842701 0.000657427049436616 0.000730585095589671 0.0028281600147498 0.00567552574460899 0.000507461036262981 0.00154929538743677 0.00442821951767687 0.00882087513587415 0.00918558442595596 0.00652444552083988 0.00172513139667482 0.000975565751599989 0.000923786128568257 0.00231813048894216 0.00620183490244667 0.000541153318837049
GCT>GGT 0.00491139042454641 0.00103231559478453 0.0110827359673435 0.00268597556158209 0.00246309147942677 0.00431530858108355 0.00118970474435975 0.00200620770904383 0.00472801826663442 0.00629787038172902 0.00663111090746881 0.00684939796369226 0.00531387539716924 0.0102307615557691 0.00250489566868004 0.00434321778192674 0.00376507533361998 0.0169830523355267 0.00945706312523998
TCA>TGA 0.00593233138919618 0.213540237298595 0.00965031742568391 0.0049134356277972 0.000881805438267258 0.00399727669349122 0.0115946639687886 0.014274480829181 0.0129843636177324 0.0037083017605419 0.00788566300856583 0.00470890524835261 0.00799540604908478 0.019649066907471 0.00654273364109202 0.00412901851970984 0.00604389338106522 0.00877075186078626 0.0105879045443659
TCC>TGC 0.00823182456990485 0.0460997780451279 0.00348121157784022 0.00187958614745689 0.00333666664354278 0.00279166502469206 0.013030922365447 0.00221388483941735 0.0158679687416887 0.0083785846170964 0.0139294616283188 0.0215802954596281 0.00380345102995406 0.0030647811084855 0.0106276681348495 0.00426089963873392 0.00477903920805587 0.0152376953287473 0.0158762928857674
TCG>TGG 0.000999114326107592 0.00704972492254589 0.00111455383086814 0.00211683945839743 4.97858054947361e-05 0.0012335568741269 0.0151946494510539 0.00205445289282682 0.00484444427672898 0.00228122618697807 0.0032692764286755 0.000635264715469953 0.00501273684562671 0.00291235045830267 0.00147581395370481 0.00162374192520379 0.00551755260751481 0.00182293911703583 0.0131822157813614
TCT>TGT 0.0175596428140299 0.239459703249228 0.00736885124946151 0.00905396909860084 0.00126613995692052 0.00615532242383949 0.00302592337106851 0.0125455421987014 0.0194701143384036 0.0061886459529494 0.0153145794363788 0.00464034826123142 0.0199416601464853 0.00819127391077287 0.00979841889435061 0.0108316892298575 0.0107338393237762 0.0170834638695928 0.00743775130146966
ACA>ATA 0.0328425951836202 0.00503144177194853 0.0117765996049519 0.00870547044845497 0.00694379972870154 0.0225530913658148 0.0104355018576494 0.0177324641477332 0.0121876711755605 0.0376286985995743 0.00753720978987449 0.0358379714082763 0.0307697485442038 0.0207382297803559 0.0154835845453337 0.00320830039268964 0.0280283141061278 0.0101114912062095 0.0113634740309774
ACC>ATC 0.0186379239138626 0.00276617220333202 0.00219719902533418 0.00191685583826333 0.00371458606034526 0.0137824446416416 0.00885716846430818 0.00612816727505666 0.0156322636809508 0.00997293830371551 0.021754529690037 0.0176466064327723 0.0390211263789515 0.00192928890802168 0.00906144462752458 0.00216521080233998 0.00376482187809368 0.00986144287480676 0.00619843616712087
ACG>ATG 0.050414116170514 0.00507514333282774 0.00348547680042894 0.0205479172967549 0.0260948886623175 0.105497660249615 0.12233171785438 0.0187399129252199 0.0652937093426078 0.00635629122591358 0.0204731096675909 0.00264972498451515 0.0215707885570149 0.00742640009623311 0.00768274391863124 0.0078923036031781 0.00677652240408939 0.0209102790407658 0.0184325165885213
ACT>ATT 0.0201955846064681 0.00235546759011902 0.0050692829524999 0.00559636114556006 0.0054553367504393 0.00681353669983704 0.00642603137987894 0.00474006909044558 0.00534250432477643 0.00656522627277279 0.00638050623459137 0.0166352696666095 0.00486389150227201 0.00521786382249713 0.00986975453148572 0.00341847982695121 0.0133027655583054 0.0159852777227182 0.00707477042408877
CCA>CTA 0.0246921074019139 0.00719530777438673 0.00647125307060712 0.00759247266627313 0.00925834014227725 0.00818948529488336 0.00439891522221953 0.0154218345058721 0.0127726561123483 0.0124268908692894 0.0197780533579734 0.00593025960111456 0.0136494139586027 0.00976176934344345 0.00739681456307848 0.00344683269630995 0.00579311173466127 0.0127973352399325 0.00388879111568552
CCC>CTC 0.0189176341748851 0.00251129998199586 0.0104694208410779 0.00256119942833831 0.0106979626074461 0.00428827836164298 0.0174845164101836 0.00530603441897639 0.0131626757450977 0.00830256543839852 0.00461700614236527 0.0339819215051481 0.0123787709295012 0.00896646129790666 0.00509058719703679 0.00554536946480277 0.0134858235532975 0.00772526762716483 0.010641241789497
CCG>CTG 0.02751939073822 0.004056946741425 0.0056253832139448 0.0159320488176417 0.0143400570382107 0.0789082475550958 0.0561822065659118 0.0113281074702923 0.0497540688067406 0.0121620010588297 0.00512852935064829 0.00412807872729652 0.00750308534114438 0.035171471586369 0.00326801023217082 0.0021815522619647 0.00882487641149717 0.0112999886842983 0.0220224979475657
CCT>CTT 0.0318548377564878 0.00609970387085448 0.00756965022473971 0.00748438090835251 0.0147426110398305 0.00760399764256022 0.024698690900221 0.00416350730341247 0.00263943087807775 0.00473957656479701 0.0112231682538088 0.0076053014285157 0.0110829381080522 0.00326705753220347 0.00544349520417187 0.00309556219470919 0.00589152996509458 0.00547160851078292 0.00479484067916722
GCA>GTA 0.0174706787552366 0.00457286346256094 0.00770334821863878 0.00748179040525738 0.0070276570655364 0.0050332302830332 0.00453185051778814 0.0132260161897724 0.00668349914978275 0.0120089633116502 0.0202475015866463 0.0202629629522412 0.0127513920293503 0.00735279541706382 0.0296593733192742 0.00646490125067606 0.0254849531765154 0.00290758540948662 0.00315840244660447
GCC>GTC 0.0175157114699817 0.00424348362065457 0.0089445238080372 0.00657998550411328 0.0182867292651755 0.00402409602327443 0.00755932262321492 0.00561206129180862 0.0384635787815647 0.00473972987103059 0.00482729165198249 0.00618211067865062 0.0172073857629979 0.00877243459423857 0.00697855545723178 0.00491482820134459 0.00911746372282736 0.0126415583108417 0.00583469751725296
GCG>GTG 0.027002306599796 0.00665815208045374 0.0102229265668829 0.0144255247044925 0.021640356623794 0.0713761931119616 0.0726748693387633 0.0305754878553629 0.0752206288915307 0.00598228314485068 0.025677677129998 0.00424162866897244 0.0488707106811921 0.0581368251689586 0.0226815152631121 0.0137517561753056 0.0174508994197396 0.0121843645829864 0.0209629672815842
GCT>GTT 0.0202462236803847 0.0037133803660247 0.00244385016977483 0.00746657088030812 0.0146012597489075 0.0047100146009078 0.0216225784690022 0.00421011709591275 0.00154312074143968 0.00756619232649473 0.00752179807243068 0.0561174296260244 0.00671395476141834 0.00378181882437992 0.00411511440869964 0.00339160290296978 0.0288781684897468 0.0080683678376329 0.0281083191447792
TCA>TTA 0.0191150625779196 0.177554837468763 0.0158373240638049 0.006185052013324 0.00267840302654237 0.0114913596445861 0.00399233926848347 0.244228708402203 0.00330702429594236 0.00772153942863171 0.0257331638467307 0.0115033407955416 0.0186223694998463 0.0115983051890307 0.0138799638570383 0.00671434101113946 0.0260860027684537 0.0180312190543761 0.0239717690862052
TCC>TTC 0.0196200080686409 0.0323345266510495 0.0152525286147022 0.00381958845935289 0.01014850345609 0.00813187534941305 0.00377523384562526 0.0602654725628105 0.00721818706769286 0.00710095245157247 0.00671184435493958 0.0235738347776387 0.00749541817486344 0.0063158395568873 0.0114404125082343 0.00900728478480392 0.0113558668884249 0.0379331804405841 0.00717897401596452
TCG>TTG 0.0188733137271449 0.0191153666068135 0.0116115347673239 0.00884248231909522 0.0178156880874045 0.0567339272888236 0.0443634945065931 0.0247386133348753 0.00444572177483969 0.00302036336832255 0.0419436726329145 0.00330923976657214 0.00905394754795356 0.00404775375697167 0.00666287540670772 0.00134167226786463 0.00415288788726529 0.0190211149871436 0.0353755767228497
TCT>TTT 0.0191017984532819 0.0655895981834486 0.0126141659129628 0.00285294925535065 0.0147523589034022 0.00549470870035777 0.00830396854291759 0.130884533738111 0.00296043108796854 0.0216559081199798 0.00482065847538745 0.00376087120002471 0.0284081655063422 0.00408911127775408 0.0164865209856762 0.00734401142032509 0.0101324248127366 0.00445334576402054 0.00355826785662575
ATA>AAA 0.00786609006645335 0.00133548220744615 0.0215361194320511 0.00371652298188396 0.00764643339382275 0.00995111440169039 0.000994933235828889 0.00197580536900202 0.00695989738676155 0.0146812492314425 0.00182710363079135 0.00263837608209483 0.0331659614265423 0.017248926053202 0.0328644220549402 0.0114454686693831 0.0216999021965995 0.0143210455680883 0.0124833951547809
ATC>AAC 0.00572303452761126 0.00142261281289664 0.014986266955184 0.00381444858034593 0.0119693278372444 0.00186387562296057 0.0014576293969922 0.00677508841775532 0.00123007494425337 0.00323997458113507 0.00647215077395194 0.0134521300007537 0.0140539376368591 0.0124267172325067 0.0342339057662933 0.00432635198615421 0.0109541699026118 0.0228356354057103 0.0040028565863613
ATG>AAG 0.00835979660808789 0.00099027791364543 0.0158695029232602 0.00310360934677494 0.0126316157122512 0.0011616349526148 0.00331595587707002 0.0026398452475386 0.00888557048263115 0.0303504279159212 0.00564014517726333 0.00672172264210785 0.00680417751142597 0.0353508229752234 0.0195899654761154 0.00535989521411063 0.0162839677009897 0.0235330875491935 0.0124557696888393
ATT>AAT 0.0112088505284358 0.000847326745656125 0.0224021996386027 0.0171753303909393 0.0155610828417869 0.0445137624637594 0.00966900300263157 0.0071550992028166 0.018390509225591 0.0125055643933137 0.00643773112769878 0.0185445196252638 0.00933636734471062 0.00633655039375346 0.00501141286084931 0.0147017347932778 0.00935141079442274 0.00884268556442688 0.00785833277238687
CTA>CAA 0.00453021579549549 0.000930714826289505 0.0107885482504741 0.00332347855475759 0.00545041063384468 0.00162755060229424 0.00215535162777341 0.000840532297169776 0.00846331671144405 0.00607773301289 0.0115969284251339 0.00545545976314067 0.00419513989285303 0.00360430085974142 0.00839000114791914 0.0087413034299994 0.010498125937503 0.0101863258678557 0.0144756128314052
CTC>CAC 0.0050255174014403 0.000495790189583898 0.00951795419683195 0.00282229589445106 0.00743024442016399 0.00318154428495818 0.0180626603277406 0.00195721881445213 0.00299244685426075 0.0224049650903311 0.00527100664290203 0.0103174770318636 0.0042059020862706 0.00434457915964528 0.00109089531527614 0.00304531594945732 0.0136757228295012 0.00635875568025878 0.00571109993783303
CTG>CAG 0.00687328940121397 0.000784148045600369 0.013372319236441 0.00373446448544565 0.0074845259243645 0.00353042565194521 0.0218119640002777 0.00515574159477403 0.00266144429891062 0.00827565969146126 0.0309763417041709 0.00197456184865087 0.00738013299824654 0.00780304245354363 0.0119520243566594 0.00665319845184395 0.00942011393457197 0.00510836458602716 0.00894993995978764
CTT>CAT 0.00488410758836692 0.000297953547556189 0.00605211204927753 0.00195862725933358 0.0100426008984768 0.00880175220538143 0.00769795971121793 0.00277766399643163 0.00399258794249987 0.0157846205980106 0.00323031572154543 0.020105901628015 0.0106701381615227 0.00736561112844977 0.00572521306357573 0.0152163751837433 0.0104911912734223 0.00771701104409446 0.00640778655931878
GTA>GAA 0.00345941198058908 0.000289716998303147 0.00446502863571148 0.00246745516276604 0.00538988936567085 0.00159067451278396 0.0151086660186007 0.00104473761448014 0.00926689668815617 0.0067256385181707 0.00312560494719501 0.00671862164033615 0.00353216892097592 0.00821485434113259 0.00461374978677404 0.00526296711998182 0.0133678792477835 0.00420021106353259 0.00713211162094232
GTC>GAC 0.00199543655532996 0.000169744596411315 0.00449021104179494 0.00258784019264869 0.0068832522930914 0.000596444416106847 0.00387244673142305 0.000792072706880576 0.00808486179968535 0.00224547014294085 0.00203750157348899 0.00482206967378857 0.00319470212912567 0.0105079769425088 0.000935574877767249 0.00584956822333218 0.0110497860610406 0.00754354509865416 0.00496944141459186
GTG>GAG 0.00319667099597418 0.000652764569916138 0.00859671055012999 0.00157287722351635 0.00509549291655224 0.00241005667427941 0.00913589632848131 0.00115023256347571 0.00389332567406861 0.0158397507539481 0.0217273635314883 0.00674521467003731 0.00554570040862087 0.0128210385997605 0.00647994173258441 0.00321903065596879 0.0011551588011236 0.00517028073382955 0.00286160865732604
GTT>GAT 0.00297326928750462 0.000323246323987649 0.00561511394173972 0.00131672465940382 0.00608002599803295 0.00363956959112398 0.0047753029760462 0.000909274696963974 0.0142106825232314 0.00569650431320235 0.00380888161906208 0.00792438004970118 0.000809777383466023 0.0254731974910778 0.00599265798086723 0.00468095841952611 0.00141940322069882 0.0179810516250006 0.0023904955416676
TTA>TAA 0.00967823664830622 0.00200060395469671 0.0216428201244554 0.0207021646016111 0.0207732632354399 0.0489639906269024 0.0236565758965677 0.0101758677055802 0.0103220017073549 0.0601197255834756 0.00717393380425386 0.00365908041627735 0.0206052490378649 0.0270032287468586 0.00343137254627956 0.0232257226071871 0.00715387654273163 0.00827342515833751 0.00353299048482229
TTC>TAC 0.00384122634930132 0.000432867465292558 0.0083465080832406 0.00192155866708204 0.0043392345329057 0.00255040104156863 0.00176826716803401 0.00278679829299196 0.00170746685232886 0.00694652839144692 0.0051135321942223 0.0210814762748323 0.00332791638236666 0.0176546531209896 0.010323243612637 0.00864215046820223 0.00737913438026433 0.00848774097118926 0.00425516187656957
TTG>TAG 0.00339984766616919 0.000231243981811469 0.00696318036459567 0.000683773131931061 0.00773991810826632 0.000877653749913775 0.00156640808770325 0.00587354992780974 0.00225528899901987 0.0123394776456728 0.00444267507691321 0.00415110187942985 0.00844389986331111 0.00686392691963188 0.0114648190267709 0.0126026510802104 0.0113661395641881 0.00911253469973332 0.002218570066055
TTT>TAT 0.00791966663001741 0.00053466290926532 0.0153765688610971 0.00306101623044602 0.02117196050254 0.0139118500493538 0.00214703348824006 0.0059780498772073 0.0197517755909403 0.00299839653384346 0.0401128443342529 0.00581178096766222 0.00785124134480909 0.0232871813231556 0.00464981376999108 0.0132219978676841 0.0181727723515669 0.013390224986744 0.00564372007332712
ATA>ACA 0.0374684166890265 0.00329876315652629 0.00487064027973087 0.00893386871414648 0.00828284525873632 0.00516260893145942 0.00294422271919665 0.012264363547793 0.00872262253323211 0.0166648360618951 0.0207723797423122 0.0195419202747936 0.00853788763323307 0.0247878297508155 0.0123896679646489 0.00998120753820707 0.00932014281714663 0.00416822241032488 0.00516770832125503
ATC>ACC 0.00969216225854235 0.00088787184632948 0.00558967392694617 0.00320912652031069 0.0113492779612205 0.00392449155045655 0.0018852998105278 0.0146296988139236 0.00420094361324817 0.0278477741776352 0.00632615301185433 0.00913173317955511 0.00293606595966548 0.0183775410589517 0.0157119496450295 0.00919525844506313 0.00790463157517793 0.00289391574537514 0.00370106828327907
ATG>ACG 0.0263664205086954 0.00156908124105058 0.00784432673109975 0.00596818958728461 0.00430512861204543 0.00253088714800467 0.0157911725854336 0.02242761141694 0.0210401376812824 0.0190925724566692 0.00482161104316434 0.028426625504463 0.00443644818324439 0.0130001978002438 0.00695493069793264 0.00183666914473354 0.00225882072923854 0.00558960329851786 0.0111761769949231
ATT>ACT 0.0354964365272826 0.00198570377286971 0.0120025316831693 0.00585156695290113 0.00913159457298474 0.00563099290135053 0.00954267622488443 0.0207858962438441 0.0171235273462084 0.00832266831492525 0.00562061621070078 0.0198941066521983 0.028850403220684 0.0157349606745573 0.00523436751192608 0.00463318109368254 0.00536979918853389 0.0242205461486473 0.0105312515388497
CTA>CCA 0.00888465511918658 0.00150943087348646 0.00647832493805051 0.000877588581957111 0.00879436829855647 0.00117691259238478 0.00684861060354086 0.00185836483081491 0.0208742988900153 0.00519122191884335 0.00461447088779263 0.0104481995681551 0.00358750320182892 0.00973339995409815 0.0247177860788951 0.00351141023349162 0.0138752154420456 0.0140925287450628 0.00332512691374852
CTC>CCC 0.00775686611574682 0.000283182953855468 0.000962684929778928 0.00356522120881438 0.0168223842735819 0.000754065621614961 0.00387299659989699 0.0127611455614475 0.0121785772637013 0.0033730681732107 0.00679870624710751 0.00321752822569158 0.0136063432498848 0.0098355845066769 0.00812612302521714 0.00719579722554779 0.00548714689112299 0.00430069906107653 0.0161652178007303
CTG>CCG 0.0115101347308272 0.00047276501850259 0.00250691346663845 0.00363882295564054 0.0190539183587699 0.00488208053503163 0.00342570389429053 0.00301263942046611 0.026228440748432 0.00747984082430667 0.0037788127092537 0.00990049372252595 0.00270320703917578 0.00514379864554988 0.0125953871202513 0.00203150853454108 0.0265597361420744 0.0226731477281234 0.00607973061632728
CTT>CCT 0.00942688450436026 0.00164739628522236 0.00482197012963132 0.00191047962388004 0.0210729266480706 0.0133539803173629 0.00745861056138295 0.00280396055580936 0.00790314444341748 0.00488767614505599 0.00255388499852566 0.00422015764941322 0.0258293215986606 0.0107706930459129 0.00374081194902285 0.0111106327772893 0.0106855763632505 0.00609447138033671 0.00271529212219869
GTA>GCA 0.0129420637824279 0.00216557641006133 0.00738162806678707 0.00136259525518882 0.00670109055724618 0.00470379188117606 0.00701869819179769 0.00574598391173798 0.00450763750590446 0.0225399015816289 0.00492590792664114 0.00778059619562259 0.00496209258037963 0.0182534012052763 0.0187410352006889 0.00526865616635077 0.00123061517417393 0.0151321191196326 0.011042878385432
GTC>GCC 0.00669195364635264 0.000251361680613084 0.00286744615538163 0.00139874863228849 0.00879371207606681 0.00561549364103443 0.0021228516816324 0.00397924526007262 0.00928857652051407 0.00801202825718087 0.0126816541586668 0.00261555177978153 0.0043238224677687 0.00163693450959601 0.0140927951976858 0.00485428691699544 0.00612627390671171 0.0103570461994907 0.00135317494048978
GTG>GCG 0.00864537945010102 0.00147443014695342 0.00927418106416099 0.00200310034031574 0.0104204712835278 0.0053549849171436 0.00260023447931804 0.0024083909672626 0.0189536815994456 0.0203521076558252 0.00335209253683783 0.00994750663021078 0.00390708180476132 0.00923701466075395 0.00954004544078529 0.00221215224145497 0.00451477066594421 0.00889274520213333 0.0111539444775359
GTT>GCT 0.0190940126045138 0.00110048385011868 0.00627160311120365 0.00191649119450622 0.00903395568965109 0.00338688105488072 0.00255691414374138 0.00791165341934622 0.015665522437907 0.0115302886410717 0.0134636814924935 0.00946368045751816 0.00341331230968826 0.00601160697220817 0.0373463182550852 0.00401255389369863 0.0249897996150871 0.00470002869924859 0.00472234025507677
TTA>TCA 0.0109386930974777 0.000497000985595543 0.00553813057748682 0.00162050757753709 0.01201109624342 0.00417959935132062 0.00904515275211049 0.00636932350023618 0.00510998460951264 0.00548819067293418 0.00425764954688265 0.00610865963093152 0.00775839808003544 0.0337354916978484 0.0323456806527959 0.00257015520416271 0.0160636021249115 0.00717926639301394 0.00464922562887254
TTC>TCC 0.00717003509556865 0.000561654039152165 0.00252063159643814 0.00564404765422314 0.0203357167495693 0.00723959717635021 0.0112002046857338 0.00514873410188709 0.00361012653132374 0.00377314111344185 0.00698879817725217 0.0119324833007871 0.00366988589425335 0.00361309182139958 0.00172749671438428 0.0147106631608481 0.0174604114571029 0.0130230270961571 0.00960776186137177
TTG>TCG 0.00713903421452819 0.000798237682258917 0.00143413758871993 0.00160079067502048 0.00747040932886348 0.00598494621905717 0.00144509397718173 0.00268667293222652 0.00335814775535829 0.00202529992324323 0.00435634098045139 0.00398853558360312 0.01068782144349 0.0108725021501535 0.00670835118958979 0.00375842294618835 0.0272546043237374 0.00836796889031838 0.00303700045124122
TTT>TCT 0.0154557201727604 0.00217580126220449 0.00507550371735508 0.00299347026154735 0.0297306807998557 0.00263089648824655 0.00405664379454454 0.00705188385916234 0.00478388902167079 0.00942016133799779 0.0127394385802966 0.0148010068672601 0.00986050103007223 0.0110169421665724 0.0114759222121095 0.0111012155368228 0.00916787920439625 0.00369987393166031 0.00362825448809208
ATA>AGA 0.00479242789261535 0.00044265395038701 0.00418860733124625 0.0464145667154701 0.0237245358861715 0.00378924745460884 0.0142645409006819 0.00262850888728471 0.013303826183513 0.00588174551120625 0.00411821303954589 0.0030866464408649 0.00556360644423362 0.0074539866720991 0.0163950608746674 0.0134370326803245 0.00492054872815172 0.0144904791070803 0.0198894383593381
ATC>AGC 0.00277665348081558 0.000522943260609037 0.00311305223110663 0.00957056362065811 0.00616461441756328 0.00220903306333792 0.0043448539891743 0.00154258606068445 0.00478252464296814 0.00249594305279295 0.00900951435915757 0.00501940195599979 0.00316600789336334 0.00504989607654193 0.00529336437934012 0.00456349239288414 0.00234956815910661 0.00744779808168676 0.00807095059820565
ATG>AGG 0.00535495332716787 0.000753070616619975 0.00544232383499356 0.14883017555197 0.00512612130155111 0.00225874662280353 0.00993559578567852 0.00482977853640041 0.0039327460529291 0.00519718679118967 0.0149393536196663 0.00608493510592191 0.00889010965908813 0.0036242017153448 0.0134557704297132 0.00237429442311395 0.00835655346352902 0.0195484725691142 0.00505868451720875
ATT>AGT 0.00838557156233359 0.00152192503948787 0.00652149621923823 0.0271646756359899 0.0130986640389246 0.00639009614617122 0.0127345793331456 0.00809157306340299 0.0124247598032397 0.0117720198447401 0.0230718591060664 0.00964100572373545 0.0065616436348538 0.0182408922512595 0.00549663995452264 0.0333499988656506 0.00369353374068865 0.0044278822303096 0.00753128766321879
CTA>CGA 0.00251212112174945 0.000796376107470829 0.00227355797780741 0.00972779913225876 0.0197591374939422 0.00491951196060145 0.00121012784147689 0.000819409177232796 0.00591358098652213 0.011118771412729 0.00307224975637303 0.0100919380305298 0.00334541005771283 0.00542019739274309 0.0136097143108473 0.0104766576823576 0.0139549445923494 0.00298434702171019 0.00648780966886144
CTC>CGC 0.00455212434650136 0.00106313237712234 0.00180780044763287 0.00418356890768922 0.00466922158907792 0.00446406536027181 0.00148159285336609 0.00355055941456842 0.0156418445104926 0.00428498841616079 0.0124814691995551 0.00357198410462566 0.00156736105535201 0.00458982517516738 0.016591598102881 0.017932065428699 0.0110422345023715 0.00976528954571303 0.00365903725460471
CTG>CGG 0.00704534032130573 0.000854073140905552 0.00451910596824053 0.061067258310907 0.0107656041916888 0.00424403934152118 0.00461825090532877 0.00427844372778505 0.00512341648125014 0.00805804100809062 0.0195023019870969 0.0103012989877332 0.00346973934712871 0.0237492202615466 0.00285200456709588 0.0124456950067153 0.0125268592737531 0.00789164951494082 0.0083673433686371
CTT>CGT 0.0110940038795294 0.00229699095184438 0.00706933020877006 0.0334511456466315 0.0369755596267863 0.020351390045463 0.0149510867469212 0.00511097228600942 0.00720659511902851 0.0145341109882513 0.0340734114495953 0.00437148467150386 0.0206271778312938 0.0107812266648762 0.00642763188619883 0.143056112914035 0.0018997793067498 0.00782944173648262 0.0150063576819911
GTA>GGA 0.00254805506117736 0.000646616139937085 0.00360098033690654 0.0176007171309378 0.00513904012422429 0.00342454407718527 0.00561296474492699 0.000820052400712455 0.00789305378672645 0.00502924556441048 0.00283933319601089 0.00192088958502468 0.00236069259336336 0.00679117095485001 0.00095457983263711 0.0104517876781026 0.00165118702404784 0.00723341977427046 0.00217068453839958
GTC>GGC 0.00211452583503957 0.000420345701143283 0.00191890004598518 0.00358658896902944 0.00166964140892838 0.00112173932588877 0.00507732272341828 0.00221058778643344 0.00827734309285864 0.00861271719826798 0.00367859481055709 0.00739715565092435 0.000873668305554842 0.00539427965344764 0.00119325226135582 0.00676295417583893 0.00487731352670761 0.00438496920627758 0.00132674457134653
GTG>GGG 0.00313342178635476 0.000913186755070366 0.0019441916573628 0.028333712103906 0.00442832531963397 0.00188521946235118 0.0102453988183711 0.00246423205781638 0.00845629160929783 0.0123928949230692 0.0079475953535253 0.00278144223009016 0.0051728628905353 0.00394800280295079 0.00195330979198607 0.00697992521733174 0.00767249135447004 0.00853437833077702 0.00646231147031015
GTT>GGT 0.00542328287417629 0.00117781270436427 0.00519052176684216 0.00955945745333388 0.0137955438070912 0.0195293954668519 0.00922960591807808 0.00168492282762559 0.00166804173747423 0.011903021473888 0.00597693037730309 0.0036022490992021 0.0128469193992585 0.00219684864365673 0.00200051679482223 0.076789208860356 0.00169102883379133 0.00954424121936656 0.00564401455251513
TTA>TGA 0.00580305587917123 0.00127872818669157 0.0139925100632019 0.0588308957866655 0.038002011834887 0.00717738985868172 0.00653252463607055 0.00177121705512186 0.00155646075966586 0.00383102456988274 0.017944088652227 0.0157517669713252 0.0245764942053904 0.0046657867895029 0.025860688081573 0.0255365598680022 0.00971016093252222 0.0139001552326512 0.00972395842394198
TTC>TGC 0.00602957968538787 0.000771907098229891 0.00338483172442588 0.00979573131186646 0.00299197595762795 0.00386344241455215 0.00313677882507276 0.00313487210330003 0.0108150897828802 0.0063300076391926 0.00420815931769912 0.0144061752584015 0.0279369928847438 0.00337266039010354 0.00604498234788406 0.00306340384601768 0.00640129545460276 0.010565976483153 0.00579616295869084
TTG>TGG 0.00642613295259508 0.00243619293083129 0.00573377045742766 0.0770540069987968 0.00939757562506444 0.0241522185599445 0.00472973387160125 0.00492484997499809 0.0273624973406514 0.00930490980801487 0.0204732398439476 0.00253892582645487 0.00691395231141968 0.00283032158509892 0.0290220919205966 0.0176987054820977 0.00777686559069628 0.00355895956481205 0.00829069743580176
TTT>TGT 0.0155544181720417 0.00158044528067196 0.0165827455306508 0.0515943667294639 0.0398549040359145 0.0212407533879058 0.00389285406403862 0.011482082077881 0.00342482148551379 0.00954208742054102 0.00666089878408248 0.00623689939320059 0.00949039396840043 0.00927124189295031 0.0256130319724828 0.0914074727556552 0.015682508198719 0.0544042241404739 0.0110017669060252
